0.1 -3.79673 4
0.3 5.42393 4
0.5 -7.48121 4
0.7 1.11689 4
0.9 3.0037 4
1.1 -1.38586 4
1.3 -5.68752 4
1.5 5.64085 4
1.7 -0.149399 4
1.9 4.47721 4
2.1 -2.96779 4
2.3 -7.24825 4
2.5 -5.72346 4
2.7 -3.13609 4
2.9 3.10087 4
3.1 1.12823 4
3.3 2.14733 4
3.5 2.61854 4
3.7 1.60373 4
3.9 2.80824 4
4.1 7.50919 4
4.3 0.960045 4
4.5 12.79 4
4.7 10.4732 4
4.9 9.0287 4
5.1 6.68586 4
5.3 14.6735 4
5.5 14.85 4
5.7 10.9112 4
5.9 4.67015 4
6.1 1.46369 4
6.3 9.07235 4
6.5 3.06678 4
6.7 -0.159704 4
6.9 2.69141 4
7.1 2.10026 4
7.3 5.32395 4
7.5 5.09715 4
7.7 4.49164 4
7.9 7.61956 4
8.1 0.31062 4
8.3 8.39279 4
8.5 8.23306 4
8.7 12.4413 4
8.9 8.47198 4
9.1 2.98842 4
9.3 4.32642 4
9.5 4.12441 4
9.7 4.98758 4
9.9 -0.287543 4
10.1 6.91357 4
10.3 6.60198 4
10.5 8.47604 4
10.7 12.902 4
10.9 5.19629 4
11.1 2.93207 4
11.3 12.4553 4
11.5 4.83673 4
11.7 9.3549 4
11.9 14.9461 4
12.1 14.1331 4
12.3 13.422 4
12.5 14.0922 4
12.7 15.7801 4
12.9 14.4058 4
13.1 11.6067 4
13.3 13.8292 4
13.5 12.9009 4
13.7 20.7989 4
13.9 14.5513 4
14.1 10.4451 4
14.3 10.3397 4
14.5 14.9283 4
14.7 8.65669 4
14.9 11.1343 4
15.1 12.8331 4
15.3 13.529 4
15.5 16.5593 4
15.7 8.09967 4
15.9 14.1446 4
16.1 14.5387 4
16.3 16.1741 4
16.5 23.7861 4
16.7 19.3794 4
16.9 19.3938 4
17.1 14.7658 4
17.3 14.1615 4
17.5 21.1532 4
17.7 11.5486 4
17.9 22.6542 4
18.1 17.0351 4
18.3 12.3605 4
18.5 21.6193 4
18.7 23.7065 4
18.9 14.3244 4
19.1 17.8033 4
19.3 15.3332 4
19.5 15.9524 4
19.7 11.7277 4
19.9 19.5795 4
