3 8 4 0
br_e  0   1
br_mu 0   1
xs    0 100

Statistical electron_bkg electron_eff acceptance
DS-I   br_e  0.58  0.01 0.04 0.04 0.00
DS-II  br_e  0.53  0.03 0.04 0.04 0.00
DS-I   br_mu 0.41  0.01 0.04 0.04 0.00
DS-II  br_mu 0.44  0.03 0.04 0.04 0.00
DS-I   xs  45  1.   5.   5.   5.
DS-II  xs  50  3.   5.   5.   5.
DS-III xs  61  6.   5.   5.   5.
DS-IV  xs  58  9.   5.   5.   5.



 1.00  0.00 -0.90  0.00    0.00  0.00  0.00  0.00
 0.00  1.00  0.00 -0.90    0.00  0.00  0.00  0.00
-0.90  0.00  1.00  0.00    0.00  0.00  0.00  0.00
 0.00 -0.90  0.00  1.00    0.00  0.00  0.00  0.00

 0.00  0.00  0.00  0.00    1.00  0.00  0.00  0.00
 0.00  0.00  0.00  0.00    0.00  1.00  0.00  0.00
 0.00  0.00  0.00  0.00    0.00  0.00  1.00  0.00
 0.00  0.00  0.00  0.00    0.00  0.00  0.00  1.00



 1.00  0.00 -0.95  0.00    0.90  0.00  0.00  0.00
 0.00  1.00  0.00 -0.95    0.00  0.90  0.00  0.00
-0.95  0.00  1.00  0.00   -0.90  0.00  0.00  0.00
 0.00 -0.95  0.00  1.00    0.00 -0.90  0.00  0.00

 0.90  0.00 -0.90  0.00    1.00  0.00  0.00  0.00
 0.00  0.90  0.00 -0.90    0.00  1.00  0.00  0.00
 0.00  0.00  0.00  0.00    0.00  0.00  1.00  0.00
 0.00  0.00  0.00  0.00    0.00  0.00  0.00  1.00



 1.00  1.00 -0.95 -0.95    0.90  0.90  0.90  0.90
 1.00  1.00 -0.95 -0.95    0.90  0.90  0.90  0.90
-0.95 -0.95  1.00  1.00   -0.90 -0.90 -0.90 -0.90
-0.95 -0.95  1.00  1.00   -0.90 -0.90 -0.90 -0.90

 0.90  0.90 -0.90 -0.90    1.00  0.90  0.90  0.90
 0.90  0.90 -0.90 -0.90    0.90  1.00  0.90  0.90
 0.90  0.90 -0.90 -0.90    0.90  0.90  1.00  0.90
 0.90  0.90 -0.90 -0.90    0.90  0.90  0.90  1.00



 1.00  0.00  0.00  0.00    0.00  0.00  0.00  0.00
 0.00  1.00  0.00  0.00    0.00  0.00  0.00  0.00
 0.00  0.00  1.00  0.00    0.00  0.00  0.00  0.00
 0.00  0.00  0.00  1.00    0.00  0.00  0.00  0.00

 0.00  0.00  0.00  0.00    1.00  0.90  0.90  0.90
 0.00  0.00  0.00  0.00    0.90  1.00  0.90  0.90
 0.00  0.00  0.00  0.00    0.90  0.90  1.00  0.90
 0.00  0.00  0.00  0.00    0.90  0.90  0.90  1.00




