2 8 13 0
F0 0. 1.
FL 0. 1.

Stat Det JES Lumi MC Rad mass PDF MC_QCD MC_W MC_oth_bkg DD method
A10lj  F0 0.652 0.134 0.047 0.043 0.013 0.020 0.033 0.018 0.004 0.000 0.023 0.005 0.035 0.026
A11lj  F0 0.642 0.030 0.032 0.027 0.012 0.019 0.030 0.027 0.009 0.000 0.000 0.008 0.027 0.015
A11dil F0 0.744 0.050 0.012 0.056 0.002 0.023 0.028 0.028 0.028 0.000 0.000 0.006 0.018 0.032
C11lj  F0 0.567 0.074 0.020 0.018 0.000 0.000 0.026 0.009 0.001 0.007 0.020 0.018 0.000 0.000
A10lj  FL 0.359 0.088 0.029 0.027 0.006 0.012 0.016 0.012 0.002 0.000 0.013 0.003 0.023 0.017
A11lj  FL 0.344 0.020 0.019 0.014 0.005 0.014 0.019 0.014 0.005 0.000 0.000 0.005 0.017 0.011
A11dil FL 0.276 0.031 0.005 0.036 0.001 0.015 0.014 0.016 0.015 0.000 0.000 0.004 0.011 0.016
C11lj  FL 0.393 0.045 0.015 0.011 0.000 0.000 0.008 0.010 0.001 0.002 0.006 0.008 0.000 0.000

1.000 0.000 0.000 0.000 -0.937 0.000 0.000 0.000 
0.000 1.000 0.000 0.000 0.000 -0.910 0.000 0.000 
0.000 0.000 1.000 0.000 0.000 0.000 -0.913 0.000 
0.000 0.000 0.000 1.000 0.000 0.000 0.000 -0.940 
-0.937 0.000 0.000 0.000 1.000 0.000 0.000 0.000 
0.000 -0.910 0.000 0.000 0.000 1.000 0.000 0.000 
0.000 0.000 -0.913 0.000 0.000 0.000 1.000 0.000 
0.000 0.000 0.000 -0.940 0.000 0.000 0.000 1.000 
        
1.000 1.000 1.000 0.000 -0.905 -1.000 -1.000 0.000
1.000 1.000 1.000 0.000 -1.000 -0.778 -1.000 0.000 
1.000 1.000 1.000 0.000 -1.000 -1.000 -0.887 0.000 
0.000 0.000 0.000 1.000 0.000 0.000 0.000 -0.952 
-0.905 -1.000 -1.000 0.000 1.000 1.000 1.000 0.000 
-1.000 -0.778 -1.000 0.000 1.000 1.000 1.000 0.000 
-1.000 -1.000 -0.887 0.000 1.000 1.000 1.000 0.000 
0.000 0.000 0.000 -0.952 0.000 0.000 0.000 1.000 
        
1.000 1.000 1.000 0.000 -0.924 -1.000 -1.000 0.000
1.000 1.000 1.000 0.000 -1.000 -0.310 -1.000 0.000 
1.000 1.000 1.000 0.000 -1.000 -1.000 -0.485 0.000 
0.000 0.000 0.000 1.000 0.000 0.000 0.000 -0.992 
-0.924 -1.000 -1.000 0.000 1.000 1.000 1.000 0.000 
-1.000 -0.310 -1.000 0.000 1.000 1.000 1.000 0.000 
-1.000 -1.000 -0.485 0.000 1.000 1.000 1.000 0.000 
0.000 0.000 0.000 -0.992 0.000 0.000 0.000 1.000 
        
1.000 1.000 1.000 1.000 -0.861 -1.000 -1.000 -1.000
1.000 1.000 1.000 1.000 -1.000 -0.862 -1.000 -1.000 
1.000 1.000 1.000 1.000 -1.000 -1.000 -0.940 -1.000 
1.000 1.000 1.000 1.000 -1.000 -1.000 -1.000 0.000 
-0.861 -1.000 -1.000 -1.000 1.000 1.000 1.000 1.000 
-1.000 -0.862 -1.000 -1.000 1.000 1.000 1.000 1.000 
-1.000 -1.000 -0.940 -1.000 1.000 1.000 1.000 1.000 
-1.000 -1.000 -1.000 0.000 1.000 1.000 1.000 1.000 
        
1.000 1.000 1.000 1.000 -0.887 -1.000 -1.000 -1.000 
1.000 1.000 1.000 1.000 -1.000 -0.915 -1.000 -1.000 
1.000 1.000 1.000 1.000 -1.000 -1.000 -0.917 -1.000 
1.000 1.000 1.000 1.000 -1.000 -1.000 -1.000 0.000 
-0.887 -1.000 -1.000 -1.000 1.000 1.000 1.000 1.000 
-1.000 -0.915 -1.000 -1.000 1.000 1.000 1.000 1.000 
-1.000 -1.000 -0.917 -1.000 1.000 1.000 1.000 1.000 
-1.000 -1.000 -1.000 0.000 1.000 1.000 1.000 1.000 
        
1.000 1.000 1.000 0.500 -0.882 -1.000 -1.000 -0.500 
1.000 1.000 1.000 0.500 -1.000 -0.579 -1.000 -0.500 
1.000 1.000 1.000 0.500 -1.000 -1.000 -0.854 -0.500 
0.500 0.500 0.500 1.000 -0.500 -0.500 -0.500 0.161 
-0.882 -1.000 -1.000 -0.500 1.000 1.000 1.000 0.500 
-1.000 -0.579 -1.000 -0.500 1.000 1.000 1.000 0.500 
-1.000 -1.000 -0.854 -0.500 1.000 1.000 1.000 0.500 
-0.500 -0.500 -0.500 0.161 0.500 0.500 0.500 1.000 
        
1.000 1.000 1.000 1.000 -0.920 -1.000 -1.000 -1.000 
1.000 1.000 1.000 1.000 -1.000 -0.090 -1.000 -1.000 
1.000 1.000 1.000 1.000 -1.000 -1.000 -0.436 -1.000 
1.000 1.000 1.000 1.000 -1.000 -1.000 -1.000 -0.871 
-0.920 -1.000 -1.000 -1.000 1.000 1.000 1.000 1.000 
-1.000 -0.090 -1.000 -1.000 1.000 1.000 1.000 1.000 
-1.000 -1.000 -0.436 -1.000 1.000 1.000 1.000 1.000 
-1.000 -1.000 -1.000 -0.871 1.000 1.000 1.000 1.000 
        
1.000 1.000 1.000 1.000 -0.924 -1.000 -1.000 -1.000 
1.000 1.000 1.000 1.000 -1.000 -0.875 -1.000 -1.000 
1.000 1.000 1.000 1.000 -1.000 -1.000 -0.875 -1.000 
1.000 1.000 1.000 1.000 -1.000 -1.000 -1.000 1.000 
-0.924 -1.000 -1.000 -1.000 1.000 1.000 1.000 1.000 
-1.000 -0.875 -1.000 -1.000 1.000 1.000 1.000 1.000 
-1.000 -1.000 -0.875 -1.000 1.000 1.000 1.000 1.000 
-1.000 -1.000 -1.000 1.000 1.000 1.000 1.000 1.000 
        
1.000 1.000 1.000 1.000 0.000 -1.000 -1.000 -1.000 
1.000 1.000 1.000 1.000 -1.000 0.000 -1.000 -1.000 
1.000 1.000 1.000 1.000 -1.000 -1.000 0.000 -1.000 
1.000 1.000 1.000 1.000 -1.000 -1.000 -1.000 -1.000 
0.000 -1.000 -1.000 -1.000 1.000 1.000 1.000 1.000 
-1.000 0.000 -1.000 -1.000 1.000 1.000 1.000 1.000 
-1.000 -1.000 0.000 -1.000 1.000 1.000 1.000 1.000 
-1.000 -1.000 -1.000 -1.000 1.000 1.000 1.000 1.000 
        
1.000 1.000 1.000 1.000 -0.908 -1.000 -1.000 -1.000 
1.000 1.000 1.000 1.000 -1.000 0.000 -1.000 -1.000 
1.000 1.000 1.000 1.000 -1.000 -1.000 0.000 -1.000 
1.000 1.000 1.000 1.000 -1.000 -1.000 -1.000 1.000 
-0.908 -1.000 -1.000 -1.000 1.000 1.000 1.000 1.000 
-1.000 0.000 -1.000 -1.000 1.000 1.000 1.000 1.000 
-1.000 -1.000 0.000 -1.000 1.000 1.000 1.000 1.000 
-1.000 -1.000 -1.000 1.000 1.000 1.000 1.000 1.000 
        
1.000 1.000 1.000 1.000 -0.947 -1.000 -1.000 -1.000
1.000 1.000 1.000 1.000 -1.000 -0.891 -1.000 -1.000 
1.000 1.000 1.000 1.000 -1.000 -1.000 -0.913 -1.000 
1.000 1.000 1.000 1.000 -1.000 -1.000 -1.000 -0.540 
-0.947 -1.000 -1.000 -1.000 1.000 1.000 1.000 1.000 
-1.000 -0.891 -1.000 -1.000 1.000 1.000 1.000 1.000 
-1.000 -1.000 -0.913 -1.000 1.000 1.000 1.000 1.000 
-1.000 -1.000 -1.000 -0.540 1.000 1.000 1.000 1.000 
        
1.000 0.000 0.000 0.000 -0.934 0.000 0.000 0.000 
0.000 1.000 0.000 0.000 0.000 -0.929 0.000 0.000 
0.000 0.000 1.000 0.000 0.000 0.000 -0.997 0.000 
0.000 0.000 0.000 1.000 0.000 0.000 0.000 0.000 
-0.934 0.000 0.000 0.000 1.000 0.000 0.000 0.000 
0.000 -0.929 0.000 0.000 0.000 1.000 0.000 0.000 
0.000 0.000 -0.997 0.000 0.000 0.000 1.000 0.000 
0.000 0.000 0.000 0.000 0.000 0.000 0.000 1.000 
        
1.000 0.000 0.000 0.000 -0.962 0.000 0.000 0.000
0.000 1.000 0.000 0.000 0.000 -0.779 0.000 0.000 
0.000 0.000 1.000 0.000 0.000 0.000 -0.945 0.000 
0.000 0.000 0.000 1.000 0.000 0.000 0.000 0.000 
-0.962 0.000 0.000 0.000 1.000 0.000 0.000 0.000 
0.000 -0.779 0.000 0.000 0.000 1.000 0.000 0.000 
0.000 0.000 -0.945 0.000 0.000 0.000 1.000 0.000 
0.000 0.000 0.000 0.000 0.000 0.000 0.000 1.000 


!
