2 4 4 0
F0 0. 1.0
FL 0. 1.0 

Statistical JES Luminosity PDF
el+jets F0 0.935 0.25 0.10 0.09 0.11
mu+jets F0 0.620 0.24 0.11 0.08 0.12
el+jets FL 0.040 0.12 0.06 0.04 0.07
mu+jets FL 0.370 0.13 0.05 0.05 0.08

 1.00  0.00 -0.95  0.00 
 0.00  1.00  0.00 -0.95 
-0.95  0.00  1.00  0.00 
 0.00 -0.95  0.00  1.00 

 1.00  0.00 -0.97  0.00 
 0.00  1.00  0.00 -0.97 
-0.97  0.00  1.00  0.00 
 0.00 -0.97  0.00  1.00 

 1.00  0.00 -0.84  0.00 
 0.00  1.00  0.00 -0.84 
-0.84  0.00  1.00  0.00 
 0.00 -0.84  0.00  1.00 

 1.00  0.00 -0.93  0.00 
 0.00  1.00  0.00 -0.93 
-0.93  0.00  1.00  0.00 
 0.00 -0.93  0.00  1.00 

